Page Frame Size: 3
146473654737607103243517006532
516221357057772540213147564511
507453640701250143656371473626
115170353304766523056004667712
627402770763021454330271464263
203320052373004567077402377723
704211667714372404616411267013
010247230624671013223057712666
647763062323267034650151021477
121030775061464536146451177254
420607657637770036021001716257
650671277113211223267526445371
410174524326370463577035036075
232444125311165173755051715230
466311525574443145126023601360
116026322064620122107521130705
727571511273471141421103266106
553001676163034417607661321036
365314340153520505427711350155
520066024214740700637731075705
220721131415342122077700564405
201265065132164163574652701576
752277764200736715310120736601
347550413360404514736447243633
727744552114126446420177265432
367401476563556341012513102504
371047576335437500556101016340
367500164663506026110752536011
541741202671301755402127526040
413716447075704140363513726457
740022335662643175110350477165
144330257725337574022035003012
404001576030276424444025523746
674722112075326660043540127514
610124161641136134050035704022
623433112220034112214061051700
543025620215641404345235716425
123243351001637666657160043662
636773657110006055733054261164
375304233312653124107031565044
445144524104652036540222734557
272100127303576562553752430243
031714347012351643476323307065
617120226631324455012224762632
604027131202510313676705030524
474323121257613566625210000240
616376636236106702216627311244
651316702720536571442777021702
611044652163276413244253273654
433026075206107407155714520331


